	17369351
	10556049
	16891401
	17486125
	18199744
	18199744
	17496121
	17496121
	11889033
	11889034
	11889034
	11889034
	10572032
	10572032
	10572032
	10572032
	17217459
	17217459
	17217459
	17217459
	15458645
	15458645
	17217459
	17217459
	17217459
	17217459
	17217459
	17217459
	17217459
	17217459
	17217459
	17217459
	17217459
	17217459
	17991776
	19763177
	10330469
	17307927
	10330469
	17307927
	10330469
	10330469
	10330469
	10330469
	10330469
	10330469
	10330469
	10330469
	10330469
	10330469
	10330469
	10330469
	10330469
	15269331
	15842619
	10982420
	10982420
	10982420
	10982420
	16651654
	18753285
	17355433
	17355433
	17355433
	17355433
	17355433
	17355433
	17611796
	17611796
	16531500
	16531500
	16531500
	16531500
	17209125
	14745029
	19392685
	19392685
	19392685
	19392685
	16617119
	16617119
	19795213
	15849301
	15849301
	15849301
	15849301
	15849301
	15849301
	17028209
	17028209
	15743447
	16495218
	15743447
	15849301
	15849301
	15849301
	17028209
	17028209
	17028209
	17028209
	17028209
	17028209
	17028209
	17028209
	17028209
	17028209
	17028209
	17028209
	17028209
	17028209
	17028209
	17028209
	17028209
	17028209
	17028209
	17028209
	17028209
	11489187
	19097900
	19097900
	18799658
	18487351
	18487351
	18487351
	17253989
	17253989
	16957774
	18591352
	18591352
	17380304
	17380304
	17380304
	17380304
	18178669
	18178669
	19060218
	18786002
	18786002
	16367964
	16367964
	17217468
	17217468
	19629177
	18215111
	18215111
	15574845
	15574845
	19297586
	16891400
	16891400
	16891400
	16891400
	16891400
	16891400
	16891400
	16891400
	16039640
	16039640
	17655650
	17655650
	17655650
	17655650
	17655650
	17655650
	17655650
	16971475
	16971475
	17655650
	17655650
	17655650
	17655650
	17655650
	17655650
	17586653
	16943276
	18385129
	16299182
	19054356
	19054356
	19054356
	19054356
	19054356
	12805605
	17540573
	16159327
	16159327
	16159327
	17540573
	17605755
	18467450
	15743450
	15743450
	16126834
	14630971
	21175885
	21175885
	21175885
	21175885
	12897259
	18552202
	18552202
	19064932
	19064932
	19064932
	19064932
	18984675
	16112663
	19666544
	19947980
	16278345
	17485080
	17485080
	16740662
	17885092
	19717464
	17351115
	16258032
	16258032
	16258032
	16258032
	17172352
	17172352
	16367962
	16367962
	17655652
	17655652
	17655652
	17655652
	19761445
	19223514
	19223514
	19223514
	19223514
	17081979
	19223514
	19223514
	19223514
	19223514
	17081979
	16262706
	18836040
	17617174
	17617174
	18398686
	17617174
	14508006
	14508006
	14508006
	17319847
	17319847
	15486102
	16005292
	17335514
	17335514
	17335514
	17335514
	17566111
	17335514
	17335514
	17335514
	14563930
	14563930
	14615593
	14615593
	17335514
	17335514
	15486102
	11148283
	17369351
	17369351
	21813794
	17416636
	20811905
	18024560
	16905136
	16489121
	16489121
	16489121
	16489121
	16489121
	16489121
	19906890
	16326927
	21227935
	21227935
	18849491
	18849491
	11487701
	11487701
	11487701
	15894744
	11487701
	15894744
	11487701
	11487701
	11487701
	11487701
	11487701
	16513634
	11487701
	11487701
	11487701
	11487701
	11487701
	11487701
	18052878
	18000056
	16146519
	15618487
	16040657
	16040657
	16169959
	15908598
	15908598
	18612099
	19513806
	16481625
	16766689
	18643985
	19805190
	17496119
	17376809
	17376809
	17376809
	17376809
	17376809
	17376809
	17873096
	17873096
	17873096
	17397506
	17397506
	18643975
	18643975
	19763177
	16554365
	16554365
	18484180
	12615938
	18643972
	16553903
	19000166
	20430763
	20460499
	20430763
	20460499
	14615593
	14615593
	14615593
	14615593
	14615593
	14615593
	18612100
	18694459
	18694459
	18849490
	18849490
	17270011
	17270011
	17335514
	19139039
	19763177
	17449805
	17449805
	17568770
	17568770
	17568770
	17568770
	16236729
	17355434
	19500301
	20133880
	16460513
	16460513
	16460513
	16460513
	16460513
	16460513
	16460513
	16460513
	16460513
	16460513
	16460513
	16460513
	16460513
	18310462
	16415207
	16210544
	16763149
	16763149
	18381925
	22143917
	18381925
	17114352
	17114352
	17114352
	17114352
	17114352
	22143917
	22143917
	19966073
	16286448
	19244141
	16959575
	16959575
	16959575
	17217459
	20374530
	15908599
	15908599
	17435084
	17435084
	12032094
	17627276
	17627276
	17627276
	15773850
	15773851
	18485060
	17368510
	17368510
	17416734
	17416734
	17416734
	17319845
	17526916
	17526916
	17526916
	17526916
	18178669
	19060218
	19965720
	16778018
	16778018
	18451323
	20551347
	20551347
	21187394
	16891401
	16377756
	15743449
	17189332
	17461791
	18535009
	17122067
	17122067
	16617180
	16617180
	16617180
	15659631
	15659631
	15659631
	15659631
	15659631
	15659631
	15659631
	15659631
	15659631
	15659631
	15659631
	15659631
	15659631
	15659631
	15659631
	15659631
	15659631
	15659631
	15659631
	15659631
	15659631
	15659631
	15659631
	15659631
	15659631
	15659631
	15659631
	15659631
	15659631
	15659631
	16461383
	16461383
	16531493
	18483219
	18483219
	18483219
	18483219
	15010604
	15010604
	15010604
	15010604
	15010604
	15010604
	15010604
	16818883
	16199613
	16262706
	18178769
	15737981
	19084994
	18950478
	19135368
	19135368
	19135368
	17158605
	17158605
	17158605
	17158605
	17158605
	17158605
	17158605
	17158605
	17158605
	17158605
	17158605
	17158605
	17158605
	17158605
	17158605
	17158605
	17158605
	17971039
	15703061
	16623892
	16055636
	17240087
	17240087
	16244137
	16244137
	12244233
	12244233
	16034595
	16034595
	16034595
	16034595
	16113228
	19211705
	19211705
	16230536
	16230536
	15805481
	16679416
	16617099
	16617099
	10469647
	16617099
	17307927
	17307927
	17307927
	17307927
	17307927
	17307927
	17307927
	17307927
	17307927
	17307927
	17307927
	17307927
	17307927
	17307927
	17307927
	17307927
	17307927
	17307927
	17307927
	17307927
	17307927
	17307927
	17307927
	15923347
	17307927
	17307927
	17307927
	17307927
	17496893
	17496893
	17318317
	17318317
	17318317
	17318317
	17318317
	17318317
	17318317
	17318317
	18394997
	18394997
	18390591
	18390591
	18390591
	18390591
	18390591
	18390591
	17071648
	17071648
	16623911
	20473553
	15530395
	15530395
	15530395
	15530395
	15530395
	15530395
	10821278
	15530395
	15530395
	15530395
	10821278
	10821278
	16595657
	16595657
	17376809
	17376809
	17376809
	17376809
	17376809
	16339853
	16297076
	17062755
	17062755
	17062755
	17062755
	17062755
	17062755
	17062755
	17062755
	17062755
	17062755
	17062755
	17062755
	17062755
	17062755
	17062755
	17062755
	17062755
	17062755
	17062755
	17062755
	19671879
	18988809
	15530395
	15530395
	15530395
	18633122
	18633122
	15797025
	19542355
	17630273
	17630273
	17630273
	17307927
	17307927
	17307927
	15659098
	17307927
	16045478
	15772280
	19081078
	15166290
	15155880
	15155880
	15155880
	15155880
	11479382
	15155880
	15155880
	16357038
	16357038
	16357038
	15155880
	11479382
	11479382
	11479382
	16357038
	11479382
	11479382
	15155880
	15155880
	15155880
	15155880
	15166290
	16361392
	16361392
	16361392
	16361392
	16361392
	16361392
	16361392
	16361392
	16361392
	16361392
	16361392
	16361392
	16361392
	16361392
	16361392
	16361392
	16361392
	16361392
	16361392
	16361392
	16361392
	16361392
	16361392
	16361392
	16361392
	16361392
	16361392
	16361392
	15155880
	15166290
	15155880
	15155880
	15155880
	15166290
	19048287
	17363254
	17363254
	17363254
	15923327
	16361392
	16361392
	16361392
	16361392
	16361392
	16361392
	16361392
	16361392
	16361392
	16361392
	16361392
	16361392
	16361392
	16407152
	20110319
	19880401
	19880401
	19880401
	19880401
	17540731
	17540731
	17540731
	17540731
	17540731
	17540731
	17540731
	19210750
	21239383
	12244265
	16034595
	12244265
	16034595
	16034595
	16034595
	11573014
	16113228
	17592111
	17592111
	16098103
	17267444
	15548601
	16473967
	15799997
	22143917
	22143917
	19004800
	17922773
	15659631
	16107481
	16107481
	12068106
	12068106
	12068106
	12068106
	12068106
	12068106
	12068106
	17376809
	12826617
	16412084
	12826617
	16412084
	12826617
	12826617
	12826617
	16412084
	17138694
	17138694
	17138694
	17138694
	17138694
	17138694
	17138694
	17138694
	17138694
	17138694
	17079264
	20598091
	20598091
	11826297
	16344262
	11826297
	20709814
	16492736
	16492736
	16492736
	16492736
	16492736
	20709814
	20709814
	15031265
	19037657
	19201913
	15031265
	16774646
	17601823
	17601823
	17601823
	16623911
	17601823
	11525739
	17601823
	16623911
	17601823
	18780802
	17008405
	17008405
	15710401
	18657234
	17237351
	11532164
	11532164
	11532164
	16517761
	16517761
	16517761
	16517761
	16517761
	16517761
	19717615
	19717615
	19717615
	20197506
	20197506
	20197506
	20197506
	20197506
	20197506
	20197506
	20197506
	16813578
	17237190
	15659631
	16284306
	19398336
	19398336
	15659631
	19043546
	17535918
	17535918
	17535918
	15659631
	15659631
	15659631
	15659631
	15659631
	15659631
	15659631
	17220200
	17220200
	17220200
	17220200
	21441406
	12943542
	16553903
	12943542
	12446847
	16367958
	12446847
	12446847
	16367958
	12446847
	16367958
	16113226
	16113226
	16113226
	18574595
	22489147
	11782418
	11782418
	18390806
	17291312
	17291312
	10667783
	10667783
	10667783
	10667783
	10667783
	17322408
	17322408
	17322408
	20230648
	17435085
	17189341
	17189341
	19070688
	16380432
	16339310
	16682354
	11016954
	11016954
	11016954
	11016954
	11016954
	11016954
	11910010
	11910010
	11910010
	11910010
	11910010
	11910010
	11910010
	16081530
	20650897
	20650897
	17369435
	17369435
	19304937
	19304937
	19304937
	19392700
	14973169
	14973169
	14973169
	14973169
	14973169
	14973169
	17396154
	17396154
	17396154
	17396154
	17396154
	17396154
	17396154
	17396154
	17396154
	17144895
	17721444
	17721444
	17721444
	16682354
	16332535
	16332535
	16332535
	14630971
	16126834
	16126834
	18614705
	18583349
	21098677
	12509528
	12509528
	12509528
	12509528
	12509528
	18643985
	17960244
	20118203
	21232060
	21232060
	12068106
	12068106
	12068106
	12068106
	12068106
	12068106
	12068106
	12068106
	12068106
	12172025
	12172025
	12172025
	12172025
	12172025
	12172025
	17513501
	17513501
	12172025
	12172025
	17010113
	17010113
	17031512
	17010113
	17347412
	17347412
	17347412
	17347412
	17347412
	17347412
	17347412
	17347412
	17347412
	17347412
	17347412
	17347412
	17347412
	17347412
	17347412
	17347412
	17347412
	17347412
	19279211
	18809930
	18809930
	17307931
	17307931
	20876337
	16682350
	17028967
	18485707
	16460509
	16460509
	16460509
	16460509
	19146828
	19146828
	19155348
	19155348
	18775974
	18775974
	18682547
	16514016
	20215588
	16690816
	16690816
	17369372
	17329563
	17329563
	17329565
	17329563
	17329565
	17329565
	17329563
	18849490
	19043666
	19043666
	20023166
	15647902
	12730136
	12730136
	12730136
	20545893
	16293693
	16293693
	12068106
	12068106
	12068106
	12068106
	12068106
	12068106
	12068106
	12068106
	12068106
	12068106
	12068106
	12068106
	12068106
	12068106
	12068106
	12068106
	12068106
	12068106
	16359390
	18624640
	18624640
	18624640
	21441406
	19884248
	17242155
	16401419
	16428602
	16428602
	16428602
	16428602
	16428602
	17419840
	19392706
	17419840
	19392706
	19309460
	17426032
	17426032
	16902407
	15659631
	15659631
	17355438
	17355438
	16473969
	14973166
	16326927
	18849491
	18849491
	16897480
	16897480
	17521408
	18408046
	18515640
	18515640
	15686525
	18494733
	18398052
	18398052
	17589509
	19175771
	17351828
	17351828
	17351828
	17351828
	16525888
	17921315
	18835563
	19218397
	16463096
	17496119
	16367966
	16367966
	16367966
	16367966
	16367966
	16367966
	16367966
	16367966
	16367966
	16367966
	16623885
	16623885
	16231155
	16231155
	16231155
	16231155
	16231155
	16231155
	17965269
	17965269
	19426562
	16367958
	11756663
	11756663
	11756663
	11756663
	11756663
	11756663
	11756663
	11756663
	11756663
	11756663
	16623885
	16623885
	15085136
	17163880
	18614705
	12419184
	12419184
	16500990
	16500990
	16500990
	16500990
	16500990
	12419184
	11826296
	17971041
	16415209
	17257167
	19626137
	19626137
	17693533
	17693533
	20360018
	20360018
	19135895
	19135895
	21187394
	11274447
	18346189
	18346189
	18780746
	20087601
	20087601
	17021044
	10852935
	10852935
	17138694
	18725356
	17592013
	11076771
	15821980
	11076771
	17601823
	17601823
	17601823
	17559514
	15937226
	17242155
	17217468
	17217468
	17533512
	15085136
	18363780
	16682642
	20487379
	20584150
	20584150
	18718934
	17351115
	17351115
	18452589
	18452589
	18452589
	18452589
	17873096
	17873096
	17873096
	17785529
	19763177
	17785529
	17785529
	18503769
	15908599
	12953110
	16244137
	20498340
	17062755
	17062755
	17062755
	17062755
	17062755
	17062755
	17062755
	17062755
	17062755
	17062755
	17062755
	17062755
	17062755
	17062755
	17062755
	17062755
	19074290
	17062755
	17062755
	17062755
	17062755
	17062755
	17062755
	17062755
	17062755
	17062755
	17062755
	17062755
	17062755
	17062755
	17062755
	17062755
	17062755
	17062755
	17062755
	17062755
	17062755
	17062755
	16554365
	14973282
	19218396
	17217456
	17217456
	17217456
	17217456
	17217456
	17217456
	17461783
	17461783
	17461783
	12972671
	16617180
	16617180
	16617180
	16617180
	16617180
	16617180
	16617180
	16617180
	16617180
	16617180
	16617180
	16617180
	16617180
	16617180
	16617180
	16617180
	15530395
	15530395
	15530395
	15530395
	15530395
	16679456
	15530395
	10535738
	10535738
	10535738
	11525739
	18441215
	17289662
	17451550
	16682354
	16640597
	19542355
	18612100
	17307927
	17307927
	17307927
	16045478
	15772280
	17307927
	16428602
	16428602
	16428602
	16428602
	16428602
	11349138
	10748531
	11349138
	11349138
	10748531
	11349138
	11349138
	11349138
	11349138
	11349138
	11349138
	11349138
	11349138
	11349138
	11349138
	16297066
	19734434
	18375596
	16564517
	16564517
	16564517
	16564517
	16564517
	17601829
	17601829
	17601829
	17601829
	17601829
	17601829
	17601829
	17601829
	17601829
	17601829
	17601829
	17601829
	17601829
	16227434
	17592013
	17592013
	11934861
	18390591
	18390591
	18390591
	18390591
	18390591
	18390591
	18394996
	18394996
	18394996
	18394997
	18394997
	18394997
	18394997
	18394997
	17059404
	17059404
	17059404
	17059404
	17059404
	17059404
	17059404
	17059404
	17059404
	17059404
	17307927
	17307927
	17307927
	17307927
	17307927
	17307927
	17307927
	17307927
	17307927
	15923347
	17307927
	17307927
	17307927
	17307927
	12932329
	19965720
	16473966
	16284306
	18390594
	19237690
	17627280
	17627280
	18451323
	16778018
	16778018
	18451323
	16778018
	18451323
	17257168
	17257168
	17257168
	17257168
	17257168
	17257168
	17257168
	16943276
	10394910
	18299802
	17114350
	17114350
	17114350
	17114350
	17008405
	17008405
	19223001
	19223001
	11489180
	15659638
	17122067
	17122067
	16412086
	16617180
	16617180
	17513501
	11734859
	17513501
	16959575
	11734859
	16959575
	17965268
	17360594
	10417716
	18780746
	17081979
	19084994
	17122068
	17122068
	17122068
	17122068
	17122068
	14871314
	17917299
	17630277
	19174535
	19174535
	16258034
	16258034
	16258034
	16258034
	16258034
	16258034
	16258034
	16258034
	16258034
	16258034
	16258034
	16258034
	16258034
	16258034
	16258034
	16258034
	16258034
	16258034
	16258034
	16258034
	16258034
	16258034
	16258034
	16258034
	20143347
	12446847
	16367958
	12446847
	12446847
	16367958
	12446847
	16367958
	19211705
	19211705
	16891401
	17425712
	17425712
	17461780
	17404219
	17404219
	17404219
	16412079
	17010113
	17217459
	18567791
	16766693
	16553896
	16553903
	16553903
	11851922
	11851922
	11851922
	16553903
	11851922
	16856986
	18485707
	17144897
	16282331
	16282331
	16282331
	16282331
	16282331
	19144004
	19144004
	17513499
	17513499
	17513499
	17513499
	17513499
	12740438
	12740438
	19081078
	20197506
	20197506
	20197506
	20197506
	16514561
	18718935
	18718935
	20056678
	16400151
	16400151
	18310462
	15927942
	18310462
	16460513
	16460513
	16460513
	16460513
	16460513
	16460513
	16460513
	16460513
	16460513
	16460513
	10572032
	10572032
	10572032
	10572032
	10572032
	10572032
	10572032
	10572032
	10572032
	10572032
	10572032
	10572032
	10572032
	10572032
	10572032
	10572032
	10572032
	10572032
	15980259
	15980259
	18952773
	18952773
	16603654
	16603654
	17185563
	17185563
	17185563
	16603654
	17185563
	16603654
	19966073
	19744161
	17449805
	17194763
	11717468
	11717468
	11717468
	11717468
	11717468
	11717468
	11717468
	11717468
	11717468
	11717468
	12724538
	17449805
	15155881
	15053761
	15053761
	15166290
	16357038
	16357038
	16357038
	15155880
	11479382
	11479382
	11479382
	16357038
	11479382
	11479382
	15155880
	15155880
	16361392
	16361392
	16361392
	16361392
	16361392
	16361392
	16361392
	16361392
	16361392
	16361392
	16361392
	16361392
	16361392
	16361392
	16361392
	16361392
	16361392
	16361392
	16361392
	16361392
	16361392
	11479382
	11479382
	11479382
	16753566
	15166290
	15166290
	16753566
	15166290
	15166290
	15166290
	15166290
	15166290
	16361392
	16361392
	16753566
	11234017
	16361392
	15053761
	15053761
	12410813
	15053761
	15053761
	12410813
	12410813
	12410813
	12410813
	12410813
	20110319
	11114883
	15053761
	11114883
	11114883
	15053761
	15053761
	11114883
	15053761
	15053761
	15053761
	15053761
	15053761
	15053761
	15053761
	15053761
	15053761
	15053761
	15053761
	15053761
	15053761
	15053761
	15053761
	15053761
	16357038
	16357038
	16357038
	16357038
	16357038
	16357038
	16357038
	16753566
	16753566
	16753566
	16753566
	16753566
	16753566
	16753566
	16753566
	16753566
	16753566
	16753566
	16753566
	16753566
	20430763
	20430763
	20430763
	16813575
	16813575
	19000166
	16829587
	16829587
	16829587
	16829587
	16829587
	16829587
	17090720
	10572032
	10572032
	10572032
	10572032
	10572032
	12586888
	12586888
	15181201
	15181201
	15208391
	15208391
	16943276
	16943276
	16943276
	18849490
	18849490
	16467298
	14615593
	14615593
	14615593
	14615593
	14615593
	14615593
	14615593
	16891401
	19168645
	19966073
	15084720
	15084720
	15084720
	15084720
	15084720
	15155883
	15530395
	15530395
	15530395
	15530395
	15530395
	15530395
	15530395
	15530395
	15530395
	15530395
	15530395
	15530395
	16367956
	15215505
	15215505
	15215505
	15215505
	15215505
	15215505
	15215505
	15215505
	15215505
	15215505
	17933900
	18515828
	18515828
	19000167
	22143917
	17627276
	17627276
	17627276
	17627276
	17627276
	17627276
	17627276
	17627276
	17627276
	19153602
	19153602
	19153602
	15978034
	19153602
	18725378
	18808455
	18808455
	18808455
	18808455
	18223148
	18223148
	15842618
	15842618
	18785999
	19426562
	18346188
	16891400
	16891400
	16891400
	16891400
	16891400
	16891400
	16891400
	17337631
	17337631
	17337631
	17337631
	17337631
	16891400
	17337631
	17337631
	17337631
	16891400
	17337631
	17337631
	17337631
	17337631
	17337631
	17337631
	17337631
	18557832
	15120073
	20479230
	19962211
	17032064
	17032064
	17917299
	17586656
	17586656
	21071669
	21071669
	20086190
	20086190
	17351828
	17027956
	19566594
	17010113
	17335514
	17566111
	17566111
	17010113
	17010113
	17010113
	15486102
	16339853
	16258032
	16258032
	17557075
	17981999
	17981999
	19228338
	17908157
	17138694
	18429939
	18429939
	18725378
	21188458
	17071648
	16740147
	17449805
	16740147
	17449805
	15486102
	17449805
	17449805
	15486102
	15486102
	15486102
	17873093
	17873093
	17376810
	15722472
	18643989
	16169895
	16891401
	16155179
	16582010
	18515502
	18515502
	18515502
	20097871
	20097871
	20097871
	20133698
	17450127
	18573194
	18410480
	18410480
	17878302
	17346262
	17346262
	17346262
	18614705
	18298954
	12464638
	12464638
	17573535
	17573535
	12464638
	17573535
	12464638
	12464638
	12464638
	17573535
	12464638
	16679456
	16679456
	16679456
	16679456
	18694458
	16679456
	17322399
	17322399
	10758486
	18363787
	18363787
	16481352
	16481352
	17376163
	17376163
	17217456
	16270029
	16270029
	16412084
	16778081
	16412084
	16412084
	19097900
	19952107
	20694742
	16927206
	16927206
	16927206
	16927206
	16927206
	16927206
	16326925
	16339850
	18599653
	16603654
	17185563
	17185563
	16603654
	17185563
	17185563
	16603654
	19763086
	17363254
	17363254
	18723577
	17363254
	17363254
	17389366
	14675533
	17389366
	17389366
	14675533
	14675533
	14675533
	14675533
	14675533
	14675533
	17307926
	17307926
	17307926
	17307926
	18003916
	18003916
	16297076
	16297076
	11402160
	11402160
	11402160
	11402160
	11402160
	20810661
	20810661
	16682642
	16682642
	17496108
	17496108
	17496108
	17496108
	17496108
	17496108
	16387852
	15705948
	11408654
	15705948
	11408654
	15705948
	17360436
	18541915
	17347412
	16002616
	16126863
	16002616
	16002616
	16126863
	16126863
	16428602
	16428602
	16428602
	16428602
	10339624
	17217459
	11172074
	16428602
	16428602
	16428602
	15773851
	21224340
	21224340
	17259264
	17259264
	17259264
	17293568
	17971043
	17259264
	17259264
	18236010
	10330469
	10330469
	10330469
	12615944
	12615944
	17307927
	12615944
	12615944
	20516081
	17332757
	17307926
	17307926
	16222298
	16222298
	15574845
	15574845
	15574845
	15574845
	17513501
	15122034
	15122034
	17010113
	15574845
	17626058
	17626058
	17626058
	17626058
	17626058
	17626058
	18780746
	18780746
	18780746
	17351828
	17410378
	16682354
	17062755
	17062755
	17062755
	17062755
	17062755
	17062755
	17062755
	17062755
	17062755
	15120075
	19175771
	15120075
	15120075
	15120075
	19175771
	16553903
	16272433
	15539473
	17293567
	16854978
	15659631
	15686518
	16112663
	17261815
	16543410
	16543410
	16543410
	17010113
	16507085
	17010113
	16543410
	16804053
	18332905
	18332905
	18332905
	17217463
	17217463
	16804053
	18676662
	18839316
	18839316
	20010803
	20971704
	20056678
	17090720
	17090720
	17090720
	17090720
	17090720
	12215519
	12215519
	12215519
	12215519
	12215519
	12215519
	17933793
	19682296
	18552202
	18552202
	17573535
	17573535
	17573535
	17573535
	17573535
	17573535
	17573535
	17573535
	14630971
	14630971
	16126834
	16126834
	16126834
	17416734
	17416734
	18599582
	18599582
	18599582
	16891401
	11172074
	11172074
	11172074
	11172074
	11172074
	11172074
	12699618
	12699618
	12699618
	16889648
	16889648
	19234066
	19234066
	19616764
	18007598
	18007598
	11169180
	16778018
	16778018
	16778018
	17655650
	17655650
	17655650
	17655650
	17655650
	17655650
	17655650
	17655650
	17655650
	17655650
	17655650
	17655650
	17655650
	18390806
	18390806
	18390806
	18390806
	18390806
	17332757
	17332757
	17217468
	12023303
	12023303
	12023303
	12023303
	12023303
	12023303
	12023303
	12023303
	12023303
	18215111
	18215111
	18215111
	18215111
	19629177
	12678554
	15766531
	15659631
	15659631
	16199616
	16227452
	16740145
	20110319
	15753038
	15753038
	20110319
	17267444
	16244137
	16531502
	16531502
	16531502
	16107478
	15923330
	16616142
	11525739
	17138697
	18980659
	19237690
	16244137
	16244137
	16377743
	16582009
	16582009
	19237690
	20545893
	19956801
	16112663
	17079273
	16514016
	15753108
	17172287
	18723362
	18771922
	18664614
	18643975
	19861655
	15870096
	10760247
	18408069
	17028209
	17028209
	17028209
	17028209
	17028209
	17028209
	17028209
	17028209
	17028209
	17028209
	17028209
	17028209
	17028209
	17028209
	17028209
	17028209
	17028209
	17028209
	17028209
	17028209
	17028209
	17881564
	12526807
	12526807
	12526807
	12526807
	16326925
	12526807
	12526807
	12526807
	12032082
	18315544
	18315544
	17237354
	17237354
	15125775
	15807777
	17237350
	17944810
	17322407
	16844780
	17237350
	17322407
	16844780
	15618410
	17766401
	17766401
	17766401
	19071961
	11076771
	17592013
	17592013
	17592013
	17592013
	17592013
	17592013
	17592013
	17592013
	17592013
	16971475
	16971475
	17601823
	17601823
	17601823
	19054365
	16891401
	15486104
	15486104
	15486104
	15486104
	15486104
	15486104
	15486104
	15486104
	15486104
	15486104
	15486104
	15486104
	15486104
	15486104
	15486104
	15486104
	15486104
	15486104
	15486104
	15486104
	15486104
	17693533
	16006582
	16006582
	16006582
	16006582
	16006582
	16006582
	16006582
	16006582
	17267444
	17267444
	17267444
	17267444
	17267444
	17267444
	17267444
	17267444
	17267444
	18839316
	18839316
	19150360
	17189343
	17189343
	17138697
	18599582
	18599582
	18599582
	18599582
	20136729
	17559518
	17559518
	17559518
	18566829
	18566829
	18566829
	16183844
	16183844
	16339855
	16339855
	16682354
	19011088
	16263910
	16244149
	10097187
	15064386
	17971042
	17971042
	17971042
	21791601
	21791601
	17971042
	15743447
	15849301
	15743447
	15849301
	15849301
	15849301
	15743447
	16495218
	17513501
	11439137
	19234066
	12437300
	17513501
	17513501
	12437300
	16959575
	11439137
	14605220
	14605220
	16891401
	14605220
	14605220
	22143917
	16925600
	19732381
	17031512
	17031512
	17513501
	17217459
	19959254
	18826427
	16804053
	16804053
	16804053
	18528439
	17096590
	14593480
	14593480
	14996213
	14996213
	14996213
	14996213
	14996213
	17905860
	16377748
	11967091
	17662035
	20331973
	19060112
	19060112
	21457262
	17601823
	17601823
	17601823
	17601823
	17601823
	17601823
	17601823
	17601823
	17601823
	17601823
	17601823
	17601823
	17601823
	17601823
	17601823
	17601823
	17601823
	17601823
	17601823
	17326723
	16415206
	16415206
	16415206
	16415206
	16415206
	16415206
	18614705
	17360591
	19168715
	19168715
	17507408
	17507408
	20810661
	18278578
	18278578
	16623893
	17259263
	17259263
	19000166
	15923350
	16473967
	16998070
	16055629
	16055629
	16055629
	11402170
	11402170
	11402170
	11402170
	20367470
	19832943
	19832943
	19484493
	17827350
	19151224
	19151224
	16293760
	17611796
	17611796
	16434475
	16434475
	16891401
	10353913
	17329565
	17329565
	17329565
	17329565
	17329563
	17329563
	17329563
	17329563
	17329563
	17329565
	17329563
	17329563
	17329563
	19286969
	17329565
	17329563
	17329563
	18849490
	17329563
	17329563
	18849490
	17329563
	19286969
	17329565
	19947984
	19947984
	16507088
	15268852
	15268852
	15268852
	17217459
	16507088
	15268852
	15268852
	15268852
	15268852
	15268852
	15268852
	16169964
	15686518
	16640593
	16595667
	15662426
	15662426
	15662426
	15662426
	17521414
	17521414
	16778081
	10995392
	10995392
	10995392
	10995392
	12609028
	17138694
	15173561
	17513500
	16813577
	16813577
	16813577
	16813577
	16813577
	16813577
	16813577
	16813577
	16813577
	18086684
	11493698
	11493698
	11493698
	11493698
	11493698
	11493698
	11493698
	11493698
	16845477
	16854978
	16845477
	17293567
	16845477
	18508955
	16854978
	16854978
	19910530
	16636050
	16636050
	16636050
	16636050
	16854975
	15258265
	12084835
	15085136
	18247047
	15258265
	12084835
	17828375
	15659631
	15773855
	18657234
	17237351
	18657234
	18657234
	16891401
	15705949
	10097183
	16891401
	19795213
	19795213
	19795213
	17079273
	14668869
	14668869
	14668869
	12826627
	12826627
	16891401
	17557805
	17557807
	17557805
	17557807
	16243904
	18156217
	16243904
	16243904
	19795213
	19392700
	21074051
	19050167
	19050167
	17098808
	17287247
	17216483
	15980260
	17096590
	18805951
	18805951
	11889034
	18805951
	18805951
	19122186
	20430763
	20430763
	20430763
	20460499
	16623890
	18445132
	17909185
	18485063
	17586653
	17586653
	17586653
	17586653
	17586653
	17586653
	17586653
	17586653
	17586653
	17586653
	19218396
	20978082
	17419837
	17419837
	17419837
	17419837
	17419837
	17419837
	17419837
	17419837
	17419837
	17419837
	17419837
	18484180
	18805992
	21478444
	17586653
	17586653
	15530395
	15530395
	15530395
	15530395
	15530395
	15530395
	15530395
	10821278
	15530395
	15530395
	15530395
	10821278
	16891401
	16891401
	17672843
	17672843
	17568770
	16595667
	16595667
	17284600
	18791220
	18791220
	20435647
	16778018
	16778018
	16531478
	16531478
	16531478
	16531478
	16531478
	16531478
	16531478
	16531478
	16531478
	16531478
	16531478
	16531478
	17099079
	17099079
	18625081
	18625081
	18215111
	16113209
	16813573
	17172352
	17172352
	17172352
	17172352
	17172352
	17172352
	18971429
	19736323
	17521411
	17521411
	17521411
	17521411
	17521411
	17521411
	17521411
	17521411
	17194763
	17194763
	17194763
	17194763
	17194763
	17194763
	17194763
	17194763
	17194763
	17194763
	17194763
	17194763
	17194763
	17194763
	17194763
	17521411
	17194763
	17194763
	17194763
	17194763
	17194763
	17194763
	17194763
	17194763
	17194763
	17964159
	19223514
	19223514
	19223514
	19223514
	19223514
	19223514
	19223514
	17259265
	16617110
	16384909
	20215588
	17183267
	17183267
	18836040
	20511297
	20133584
	17277896
	17277896
	17277896
	17277896
	17277896
	16507084
	18660432
	18660432
	18689504
	18689504
	18689504
	20039178
	20039178
	18315544
	18315544
	20359373
	20359373
	18245858
	16813573
	18218897
	18218897
	16115071
	18403411
	18403411
	19168715
	16965555
	16965555
	12172022
	12172022
	15310833
	21813794
	20133584
	15607746
	15607746
	18718935
	18718935
	18718935
	18718935
	18718935
	11172074
	19906837
	18467340
	20536787
	15960618
	18948541
	18660433
	18660433
	17220200
	17220200
	17220200
	19237690
	18156219
	18156219
	18467465
	18467465
	20697737
	16361522
	17259262
	17259262
	17507408
	17389366
	16679458
	17507408
	14586469
	17241452
	18771922
	19208902
	18643991
	19679120
	17090720
	17090720
	17090720
	17090720
	17090720
	17090720
	17090720
	17090720
	17090720
	17090720
	19144004
	19144004
	17351114
	18007598
	11157765
	11157765
	11157765
	11157765
	17785529
	11157765
	11157765
	11157765
	11157765
	17785529
	17785529
	17785529
	17965269
	20118226
	21696844
	14660546
	14660546
	17513503
	17513503
	14660546
	17513503
	14660546
	14660546
	17513503
	14660546
	17513503
	14660546
	14660546
	14660546
	17513503
	14660546
	14660546
	14660546
	17513503
	14660546
	14660546
	14660546
	17513503
	14660546
	14660546
	17513503
	17158604
	17513503
	17513503
	17513503
	17513503
	17513503
	17513503
	17600715
	17600715
	17600715
	17600715
	17600715
	16297076
	16965555
	16965555
	19136646
	19136646
	17921315
	17138693
	17138693
	17138693
	17138693
	17138693
	17138693
	17138693
	17138693
	17138693
	15908600
	17329564
	17329564
	17329564
	17329564
	16514016
	18775974
	18775974
	17540731
	17540731
	17540731
	17540731
	17540731
	17540731
	17540731
	17540731
	17540731
	17197417
	11606728
	17075038
	11606728
	11606728
	16679459
	16460509
	16460509
	16460509
	16870153
	16870153
	16870153
	18485707
	20876337
	19666737
	17122068
	17122068
	16854978
	19833868
	18780803
	21187394
	21800258
	21800258
	21800258
	21800258
	15574882
	19060111
	16384909
	17363254
	18723577
	17363254
	17363254
	18305213
	18305213
	14963767
	15533942
	15533942
	16682354
	16682350
	16682350
	16682350
	12023303
	12023303
	12023303
	12023303
	12023303
	12023303
	12023303
	17217468
	12023303
	12023303
	19413687
	19413687
	23043079
	17655652
	17655652
	17655652
	17655652
	17655652
	17655652
	19910530
	15766525
	15647901
	22307851
	22307851
	17575050
	18005230
	16311517
	21124849
	19304937
	19304937
	19304937
	12114624
	12114624
	15525647
	15525647
	15525647
	16682350
	16682350
	17062755
	17062755
	17062755
	17062755
	17062755
	19564892
	19564892
	19773385
	17227544
	17921316
	17921316
	17921316
	20978221
	17056707
	16293693
	17056707
	16998069
	12642673
	16818883
	17028209
	17028209
	17028209
	17028209
	17028209
	17028209
	18318687
	18318687
	18812090
	19969521
	17307926
	17307926
	17526916
	15454085
	15454085
	17960244
	15711971
	15711971
	16891401
	18390594
	16891401
	17217457
	17217457
	17217457
	17217457
	17217457
	17217457
	17217457
	17217457
	17217457
	17217457
	17217457
	17217457
	17217457
	17217457
	17217457
	17217457
	17217457
	17217457
	17217457
	17217457
	17217457
	17217457
	18263776
	18042724
	16623908
	17012604
	20122158
	21471118
	21471118
	19960362
	14555691
	17496120
	17369372
	20463090
	20463090
	16525894
	19763177
	18846319
	18846319
	16367964
	16367964
	16367964
	18441215
	18441215
	18441215
	21494323
	21494323
	16399800
	16399800
	17062755
	17062755
	17062755
	17062755
	17062755
	17062755
	17062755
	17062755
	17062755
	17062755
	19074290
	17062755
	17062755
	17062755
	17062755
	17062755
	17062755
	17062755
	17062755
	17062755
	17062755
	17062755
	17062755
	17062755
	17062755
	17062755
	17062755
	17062755
	17363254
	17062755
	17062755
	17363254
	17062755
	17062755
	17062755
	17062755
	17062755
	17062755
	17062755
	17062755
	17062755
	17062755
	17062755
	17062755
	17062755
	18390594
	18390594
	16297066
	16297066
	17088607
	17183265
	17010113
	16412079
	16412079
	17217459
	16275749
	12231895
	10634906
	12368506
	12368506
	12368506
	12368506
	16059719
	12368506
	12368506
	12368506
	12368506
	19366428
	19392710
	19392710
	19392710
	19392710
	19392710
	19392710
	17376028
	14500984
	14500984
	15941401
	15941401
	15941401
	15941401
	16214899
	16034595
	16034595
	16034595
	10590168
	10590168
	16481352
	16481352
	16399800
	16399800
	16262706
	19168677
	18485063
	18485063
	18485063
	16183838
	16183838
	18485063
	18485063
	18485063
	16183838
	16045469
	15854901
	16045469
	15854901
	16045469
	16045469
	15854901
	15854901
	16805732
	17449810
	17449810
	17449810
	17449810
	19234066
	11402160
	17448460
	11898023
	17010113
	17010113
	17031512
	17010113
	16359395
	16359395
	17627276
	17329564
	17329564
	10590168
	17627276
	17627276
	17627276
	15894620
	15894620
	15894620
	15894620
	15894620
	14579127
	10611295
	19234066
	19234066
	21239383
	21239383
	18397379
	19947984
	17557807
	17557805
	11701880
	17557807
	17557805
	11701880
	17237354
	17237354
	17237354
	15173560
	15173560
	15173560
	15173560
	15710611
	15710611
	15710611
	21791601
	21791601
	16141450
	16155178
	16015335
	17526749
	17526749
	17257168
	17257168
	17257168
	17257168
	17257168
	17257168
	16840699
	16840699
	18266916
	16243907
	16113212
	16113212
	16006522
	16006522
	16006522
	16006522
	16006522
	14617084
	14617084
	16359395
	16980562
	18469163
	16367958
	14526079
	16367958
	16367958
	18469163
	19054359
	18469163
	16891401
	18281505
	17194767
	20305124
	20305124
	20305124
	20086190
	19674405
	15085136
	18787127
	16166376
	17989233
	16166376
	20682769
	19011119
	19054356
	19054356
	19054356
	19054356
	19054356
	18467490
	15377760
	15377760
	15377760
	17519238
	16460514
	17369369
	16311592
	18208516
	15647901
	15647901
	18425128
	20208518
	16682354
	16682354
	16682354
	16682354
	16682354
	16682354
	10850495
	16682354
	16682354
	10850495
	10850495
	10850495
	10850495
	10850495
	10850495
	10850495
	10850495
	16682354
	16682354
	16682354
	10850495
	12747833
	12747833
	12747833
	12747833
	10850495
	10850495
	10850495
	10850495
	18723879
	16751349
	16367950
	16367950
	16367950
	18780746
	18780746
	18780746
	16367950
	16751349
	16367950
	16367950
	16367950
	16367950
	16367950
	18780746
	16367950
	17435085
	17307925
	16632588
	16632588
	16632588
	16632588
	16632588
	16632588
	16632588
	16632588
	16632588
	16632588
	16632588
	16632588
	17217465
	17217465
	12361963
	16740145
	16740145
	17158605
	17158605
	17158605
	17158605
	17158605
	17158605
	17673660
	17673660
	17673660
	17673660
	17656722
	16636050
	16636050
	16636050
	18007598
	18007598
	18007598
	18007598
	18007598
	18007598
	18007598
	18007598
	16513634
	16772378
	16513634
	16513634
	16513634
	16513634
	16513634
	16513634
	16513634
	16513634
	16513634
	16513634
	16284308
	16166385
	16166385
	15085136
	18771922
	18664614
	18408069
	18408069
	17293568
	17293568
	17293568
	17293568
	16227452
	16227452
	16227452
	12782726
	12782726
	12782726
	12782726
	12782726
	12782726
	12782726
	12782726
	14709673
	17217459
	14709673
	12782726
	12782726
	12782726
	12782726
	12782726
	12782726
	12782726
	12782726
	12782726
	14709673
	14709673
	14709673
	16492736
	16492736
	17337534
	17337534
	17337534
	19563437
	17148605
	18753286
	18753286
	18753286
	16640459
	18984676
	18984676
	16553903
	16553903
	16553903
	16763149
	17553903
	16359389
	16367956
	16116418
	18566829
	15829606
	16297076
	20097871
	20097871
	18441215
	18441215
	18441215
	18441215
	18441215
	18441215
	17573536
	17573536
	17573536
	17971042
	16045474
	16045474
	16045474
	18826427
	16623907
	20087601
	20087601
	17883374
	17883374
	19060112
	17601823
	15564519
	15564519
	15564519
	17601823
	15564519
	17601823
	17601823
	17601823
	17601823
	17601823
	17601823
	17601823
	17601823
	17601823
	17601823
	17601823
	17601823
	17601823
	17601823
	17601823
	17601823
	17601823
	19919572
	15525519
	19168715
	19168715
	19168715
	15772283
	17600712
	17600712
	17600712
	17600712
	17600712
	17600712
	17600712
	17600712
	17600712
	17600712
	17600712
	17600712
	17600712
	17600712
	17600712
	17600712
	19513101
	19513101
	19211679
	18278578
	18278578
	17507408
	16679458
	15923350
	15128936
	15128936
	11172074
	11172074
	11172074
	11172074
	12574634
	11172074
	12574634
	18948541
	18948541
	17488242
	17488242
	17488242
	17488242
	17488242
	15923324
	15923324
	21457262
	16824181
	16894144
	15694308
	15694308
	17351114
	16040647
	17307927
	11854419
	11854419
	11854419
	11854419
	11854419
	11854419
	11854419
	11854419
	16778018
	16778018
	17018034
	16698945
	16698945
	16698945
	16698945
	16698945
	17339883
	18227644
	17339883
	20458496
	15604708
	18845687
	19767455
	19795213
	18718935
	18718935
	18718935
	18718935
	18718935
	16682354
	16682354
	16682354
	16682354
	17521411
	17521411
	17521411
	17521411
	17521411
	17521411
	17521411
	17521411
	17521411
	17194763
	17194763
	17194763
	17194763
	17194763
	17194763
	17194763
	17194763
	17194763
	17194763
	17194763
	17194763
	17194763
	17194763
	17194763
	17194763
	17194763
	17062755
	17062755
	17062755
	17062755
	17062755
	17062755
	17062755
	17062755
	17062755
	17062755
	17062755
	17062755
	17062755
	17062755
	17062755
	17062755
	19074290
	17062755
	17062755
	17062755
	17062755
	17062755
	17062755
	17062755
	17062755
	17062755
	17062755
	17062755
	17062755
	17062755
	17062755
	17062755
	17062755
	17363254
	17062755
	17062755
	17363254
	17062755
	17062755
	17062755
	17062755
	17062755
	17062755
	17062755
	17062755
	17062755
	17062755
	17062755
	17062755
	17062755
	18398686
	19237690
	20626652
	20626652
	19202280
	16507088
	16507088
	17217459
	16461280
	16461280
	17557810
	17557810
	17557810
	19237690
	17991776
	20023166
	18223148
	18223148
	11030654
	11030654
	11030654
	10995392
	10995392
	10995392
	17908157
	16258034
	16258034
	16258034
	16258034
	10330478
	10330478
	10330478
	17138694
	18653891
	18923018
	20215588
	17098812
	17056709
	17056709
	20194926
	20194926
	20194926
	20194926
	18836040
	17257168
	17257168
	17257168
	17257168
	17257168
	17257168
	19115045
	19115045
	15842619
	17138694
	16045473
	17507408
	17507408
	17449805
	17449805
	17449805
	17194763
	17194763
	17449805
	17449805
	11706176
	16481352
	20636102
	20636102
	17092311
	17092311
	12920300
	12920300
	12920300
	12920300
	12920300
	12920300
	12920300
	12920300
	17253984
	15772667
	14576160
	19286969
	18298670
	18298670
	16778018
	16778018
	19067974
	19067974
	19067974
	18065556
	17253988
	20699009
	18725356
	18725356
	18725356
	18725356
	18725356
	18725356
	17435085
	17592013
	17592013
	16971475
	17592013
	17592013
	17592013
	18390591
	18390591
	18390591
	18390591
	18390591
	18390591
	18390591
	17217468
	17217468
	19216774
	15849301
	15849301
	15849301
	15849301
	16495218
	16495218
	16495218
	16495218
	16495218
	16495218
	16495218
	16495218
	16495218
	16495218
	16495218
	16495218
	16495218
	16495218
	16495218
	15908591
	17559505
	12417304
	22143917
	22143917
	20197506
	20197506
	20197506
	20197506
	16679457
	19947984
	19947984
	18505803
	18505803
	15610355
	16619029
	11847308
	11847308
	11847308
	11847308
	11847308
	11847308
	11847308
	15085136
	11847308
	17079265
	18243102
	19542295
	19682297
	16531493
	19403948
	17026539
	16923017
	12509530
	12509530
	12509530
	12509530
	12509530
	12509530
	12509530
	12509530
	12509530
	12509530
	12509530
	12509530
	16262711
	17307927
	17307927
	17762870
	17762870
	17762870
	17762870
	18552199
	18552199
	19144005
	18725356
	11862947
	16891401
	16916932
	16916932
	10572032
	10572032
	10572032
	10572032
	10572032
	10572032
	10572032
	10572032
	10572032
	10572032
	10572032
	10572032
	10572032
	10572032
	19237690
	19237690
	19237690
	17213228
	16297066
	10982425
	10982425
	10982425
	18772186
	20388662
	17513499
	17513499
	17513499
	20543027
	17908157
	12114624
	12747832
	16603666
	17172287
	16146525
	16146525
	15743450
	16891401
	18397376
	18397376
	18397376
	18397376
	18397376
	18390594
	18390594
	18390594
	18390594
	16297076
	18628352
	15489296
	19153602
	12897256
	17922773
	20154005
	16473967
	17217470
	17217470
	17217470
	17217470
	17217470
	17217470
	17217470
	17217470
	17217459
	10458608
	15815918
	15815918
	15815918
	15815918
	15815918
	15815918
	18846282
	18846282
	17267444
	17267444
	17267444
	16367956
	18643975
	16214903
	11148295
	17237350
	17237350
	17237350
	15998313
	15998313
	17764945
	16412084
	10198637
	18441215
	18441215
	18441215
	18441215
	10748531
	10748531
	19029297
	19029297
	19029297
	19029297
	19029297
	16212604
	17217459
	16543410
	16543410
	16543410
	16543410
	16543410
	16543410
	18583349
	18583349
	18583349
	16980565
	16980565
	14551328
	14551328
	14551328
	14551328
	14551328
	14551328
	18065556
	18065556
	15647901
	18088309
	16367950
	16367950
	15951566
	11874905
	11874905
	11874905
	11874905
	18718935
	18718935
	12509528
	12509528
	12509528
	12509528
	12509528
	12509528
	12509528
	12509528
	16500991
	16831835
	18557834
	20501909
	18310462
	12505995
	16778018
	16297070
	16249174
	18243102
	16778081
	16778081
	16778081
	16778081
	16778081
	16582011
	16582011
	15085136
	16619029
	16619029
	17032064
	17032064
	15604701
	15604701
	15604701
	17096590
	16244142
	10417716
	15659631
	15659631
	15995350
	16297069
	16297069
	12724538
	12724538
	17194763
	12724538
	15155881
	15155881
	17384169
	18798873
	12609028
	12609028
	12609028
	16679456
	16679456
	16679456
	16679456
	18694458
	16679456
	12609028
	19108776
	19108776
	19108776
	10806248
	10806248
	17062755
	17062755
	17062755
	17062755
	17062755
	18394997
	18394997
	18394997
	18394997
	18394997
	18394997
	16415212
	19297624
	14615601
	14615601
	17324226
	17324226
	19906890
	19906890
	17135235
	17135235
	17135235
	16877495
	18485063
	18485063
	18485063
	19141706
	16500988
	18069939
	15004278
	16891401
	11090618
	11090618
	17144899
	19995827
	12782726
	12782726
	12782726
	12782726
	12782726
	12782726
	12782726
	12782726
	12782726
	12782726
	16890225
	16890225
	16890225
	12782726
	12782726
	12782726
	12782726
	12782726
	12782726
	12782726
	12782726
	12782726
	12782726
	14709673
	14709673
	17059410
	18599650
	16339784
	17031512
	17217459
	19705149
	19228338
	17220201
	17220201
	17220201
	17220201
	17220201
	17220201
	17220201
	17220201
	17307927
	17307927
	17307927
	17307927
	17307927
	17307927
	17307927
	20643804
	17600715
	17600715
	17600715
	17600715
	17600715
	19028964
	19168677
	19168677
	18718934
	18718934
	16367956
	18718934
	18718934
	16891401
	16244149
	17877701
	16891401
	19135895
	19135895
	16805736
	19952107
	18660431
	18660431
	19995721
	15073153
	15073153
	17971041
	12690200
	12690200
	12690200
	12690200
	12690200
	17081979
	12690200
	12690200
	12690200
	12690200
	16442857
	16442857
	18768907
	17316176
	18768907
	18599650
	12750345
	18725930
	16113228
	16113228
	16113228
	16113228
	15659631
	16945961
	19187042
	17363895
	17363895
	18178621
	18552200
	18552200
	16367957
	17096590
	16603654
	16603654
	16603654
	17185563
	17185563
	17185563
	17185563
	18723577
	16463096
	17101982
	16897480
	16897480
	18564385
	17878302
	17878302
	17540573
	17540573
	16412084
	18390806
	18390806
	18390806
	16517762
	16517762
	16517762
	16517762
	16517762
	16517762
	16517762
	17459889
	17287251
	17287251
	17287251
	17287251
	16258032
	16258032
	16258032
	16258032
	16258032
	12213958
	16258032
	16507088
	16507088
	16507088
	16507088
	16507088
	17217459
	16507088
	16507088
	16507088
	17908157
	17908157
	17908157
	17908157
	17908157
	17908157
	19175771
	19175771
	19175771
	17908157
	17825054
	17496108
	17496108
	17496108
	17496108
	17496108
	17496108
	17496108
	12150929
	17583510
	17583510
	17583510
	17583510
	16473966
	17583510
	16473966
	16176989
	16176989
	14522871
	16407439
	16407439
	17540731
	17540731
	17540731
	17540731
	17540731
	17540731
	17540731
	18785999
	18559960
	18785999
	18785999
	12468729
	12468729
	12468729
	12468729
	16959575
	12468729
	16959575
	12468729
	12514244
	12514244
	12514244
	21224340
	15133149
	15863698
	15705948
	17360436
	17360436
	15705948
	18988809
	18988809
	15941399
	18931021
	18931021
	18931021
	18931021
	20479230
	17877712
	20452979
	17877712
	20452979
	17931347
	20452979
	20452979
	20452979
	20452979
	20452979
	20452979
	20452979
	20452979
	20452979
	20452979
	20452979
	20452979
	20452979
	20452979
	20452979
	20452979
	17158605
	17158605
	17158605
	17158605
	17158605
	17158605
	17158605
	17158605
	17158605
	17158605
	19054337
	17586656
	17586656
	16517761
	16517761
	16517761
	16517761
	16517761
	16517761
	16517761
	16517761
	16517761
	19153602
	16467846
	18950478
	17293568
	17360695
	17217457
	17138693
	17138693
	17138693
	17138693
	17138693
	17138693
	17138693
	17138693
	17138693
	17194770
	16412084
	16412084
	16412084
	16412084
	16387832
	16387832
	16303558
	17237353
	17237353
	17237353
	17237353
	17237353
	17237353
	11149948
	17237353
	16282320
	17217456
	20864454
	19054356
	19054356
	19054356
	19054356
	19054356
	16640459
	16640459
	16640459
	16412084
	16412084
	16339799
	15659103
	15659103
	15659103
	16339799
	16339799
	15659103
	15659103
	15659103
	15659103
	16763149
	18408158
	17090720
	17090720
	12671091
	17971041
	20133698
	17878303
	17878302
	17878302
	16473966
	16473966
	10557222
	10557222
	19995721
	10557222
	10557222
	10557222
	10557222
	10557222
	10557222
	10557222
	10557222
	16473966
	16473966
	17098813
	15647901
	17316175
	17316175
	18768907
	18768907
	12065405
	10934020
	12065405
	12464638
	17573535
	12464638
	12464638
	12464638
	17573535
	17573535
	12464638
	17573535
	12464638
	12464638
	16262706
	16262706
	16804053
	16804053
	18753286
	18753286
	18753286
	16804053
	16804053
	18506580
	17008405
	17008405
	17227548
	17227548
	17227548
	17227548
	17227548
	17227548
	17227548
	17227548
	17227548
	17227548
	17227548
	16236150
	17227548
	17227548
	17227548
	17227548
	16766694
	16766694
	16766694
	16766694
	17261580
	18826427
	18826427
	17267444
	17287247
	15607746
	15607746
	17461792
	16040609
	16040609
	16040609
	17592013
	17592013
	19175771
	19175771
	17592013
	18390591
	18390591
	18390591
	18390591
	18390591
	18390591
	18390591
	15120075
	19175771
	18390591
	17592013
	12897247
	17592013
	12897247
	12897247
	12897247
	12897247
	15723040
	17566111
	16045472
	17566111
	17566111
	17566111
	17566111
	17566111
	17566111
	19255443
	17572409
	19255443
	14563930
	14563930
	14563930
	14563930
	14563930
	14563930
	14563930
	14563930
	14563930
	14563930
	15705949
	17785527
	17785527
	17785527
	18718935
	18718935
	18718935
	18718935
	18718935
	16804053
	16804053
	17217468
	17217468
	15085136
	17526916
	17513501
	17513501
	17533512
	18363780
	17533512
	17533512
	17533512
	17513501
	17533512
	17533512
	20647342
	16942608
	16942608
	17389366
	17389366
	17389366
	17389366
	17533512
	18363780
	17389366
	17526916
	16554366
	16554366
	16554366
	15272001
	15272001
	15272001
	15272001
	15272001
	16473965
	18467490
	15377760
	15377760
	15377760
	19343051
	16495218
	16495218
	16495218
	16495218
	15849301
	16495218
	16495218
	16495218
	16495218
	16495218
	16495218
	16495218
	16495218
	15849301
	15849301
	15849301
	18762309
	18762309
	17098811
	17098811
	16361393
	16361393
	16361393
	17052324
	21379334
	21379334
	11517344
	11517344
	17878302
	17878302
	17878302
	12713541
	12713541
	16159327
	16159327
	17540573
	16804053
	16804053
	16804053
	17030801
	16176934
	16698945
	16698945
	19700630
	17028202
	20697737
	14681191
	14681191
	14681191
	16412084
	16412084
	16412084
	16412084
	16412084
	16412084
	16412084
	16412084
	16412084
	16412084
	16412084
	16412084
	16412084
	16412084
	16412084
	16412084
	16412084
	16412084
	17217463
	17507408
	17507408
	17507408
	16804053
	16804053
	16002616
	16473967
	16367962
	16367962
	16367962
	20484005
	19392687
	15031406
	17420480
	15978034
	18805992
	21800258
	21800258
	21800258
	21800258
	16845526
	17012601
	17012601
	16804053
	17655652
	17655652
	17655652
	17655652
	17376163
	17376163
	20230485
	19966073
	19966073
	19966073
	17855426
	17855426
	17855426
	17855426
	17855426
	17855426
	17855426
	19503079
	19304937
	19304937
	19304937
	17878303
	19252082
	19252082
	17369431
	17360694
	17114581
	17114581
	17114581
	17114581
	17114581
	17114581
	17114581
	17114581
	17114581
	17114581
	17114581
	17114581
	17114581
	17114581
	17114581
	17114581
	17114581
	17114581
	17114581
	17114581
	17114581
	17114581
	17360694
	17360694
	16778081
	10995392
	17908157
	10330478
	10330478
	12609028
	10330478
	10330478
	17921315
	17138694
	18643975
	18643975
	16815950
	16262706
	20418504
	18799749
	17960244
	17960244
	16262706
	18779216
	17101982
	18065688
	16891401
	12023303
	17319847
	17217468
	12023303
	17217468
	12023303
	17319847
	17287251
	17287251
	17287251
	17287251
	17287251
	18281509
	16905657
	18485707
	18485707
	18485707
	19413687
	19413687
	17138697
	19549520
	19549520
	18381924
	12932329
	15743878
	16033802
	17513503
	17158604
	17485080
	17485080
	17513503
	17513503
	17513503
	17513503
	17513503
	17485080
	17513503
	17513503
	17513503
	11172074
	22143917
	11172074
	22143917
	15894610
	16243785
	16339853
	16339853
	17307923
	17448460
	11898023
	11898023
	11898023
	17239600
	12486005
	12486005
	12486005
	12486005
	12486005
	10330469
	10330469
	10330469
	18434413
	11684663
	17307927
	11684663
	17586653
	17586653
	17586653
	17586653
	17586653
	17586653
	17586653
	17586653
	17586653
	17586653
	17540716
	17540716
	12121623
	17726111
	11432912
	20305124
	20305124
	16157880
	14630971
	12121623
	17144892
	17144892
	19228337
	16478750
	21478444
	15530395
	10821278
	15530395
	15530395
	15530395
	15530395
	15530395
	15530395
	10821278
	15530395
	15530395
	15530395
	16839183
	16839183
	17138694
	17071648
	17071648
	19376936
	20497381
	17559514
	19506555
	17601823
	17601823
	17601823
	11525739
	16623911
	11525739
	17601823
	11525739
	17601823
	16623911
	17601823
	17616738
	17616738
	18643975
	21865176
	21865176
	16166376
	17989233
	16166376
	17627276
	17627276
	17627276
	17627276
	14579127
	10611295
	17448460
	18791220
	18791220
	17307923
	19773385
	16040659
	20435647
	16778018
	16778018
	17041031
	14704427
	14704427
	17448460
	11731464
	11731464
	18799658
	17227547
	17227547
	17227547
	17227547
	17114357
	20444230
	17630277
	15695432
	19268593
	19122104
	17062755
	17062755
	17062755
	17062755
	17062755
	17062755
	17062755
	17062755
	17062755
	17062755
	17062755
	17062755
	17062755
	17062755
	19074290
	17062755
	17062755
	17062755
	17062755
	17062755
	17062755
	17062755
	17062755
	17062755
	17062755
	17062755
	17062755
	17062755
	17062755
	17062755
	17062755
	17062755
	17062755
	17363254
	17062755
	17062755
	17363254
	17062755
	17062755
	17062755
	17062755
	17062755
	17062755
	17062755
	17062755
	17062755
	17062755
	17062755
	17062755
	15516505
	18485707
	18485707
	18485707
	18694459
	10944107
	10944107
	15894745
	19686373
	18621981
	18621981
	17662035
	17062755
	17062755
	17062755
	17062755
	17062755
	17062755
	17062755
	17062755
	16040244
	16682354
	16129836
	16273107
	18808455
	18808455
	18808455
	16713565
	16713565
	17458634
	18178669
	17458634
	18178669
	19060218
	19060218
	17458634
	15659631
	15659631
	15659631
	15659631
	15659631
	15659631
	15659631
	15659631
	15659631
	15659631
	15659631
	15659631
	15659631
	15659631
	15659631
	15659631
	15659631
	15659631
	15659631
	15659631
	15659631
	15659631
	15659631
	15659631
	15659631
	15659631
	16461383
	16461383
	16632588
	16632588
	16632588
	16632588
	16632588
	10810148
	10810148
	16632588
	16632588
	16632588
	16632588
	10810148
	15659631
	15659631
	10810148
	10810148
	10810148
	10810148
	10810148
	10810148
	10810148
	10810148
	17257168
	17257168
	17257168
	17257168
	17257168
	17257168
	17785529
	17921313
	15574845
	15574845
	20208518
	20208518
	18552199
	18552199
	18552199
	16212602
	18559960
	18559960
	18559960
	18559960
	18559960
	18559960
	17101982
	18034262
	18034262
	18034262
	20304912
	20304912
	17369439
	17369439
	17189343
	16024589
	17764945
	17764945
	15659097
	15659097
	15659097
	17587307
	17587307
	17587307
	17587307
	17587307
	17587307
	17587307
	17587307
	17587307
	17587307
	17587307
	17587307
	17587307
	17587307
	16925602
	18641086
	20208518
	16682354
	10850495
	16682354
	16682354
	10850495
	10850495
	16682354
	10850495
	10850495
	10850495
	12747833
	16682354
	16682354
	16682354
	16682354
	16682354
	16682354
	16291648
	16291648
	16291648
	16291648
	18208516
	15208393
	16889651
	15208393
	19795213
	19795213
	19795213
	17008405
	17008405
	16891401
	15894620
	15894620
	15894620
	15894620
	15894620
	20345606
	19503079
	19503079
	18574595
	15255869
	19234066
	19234066
	16463096
	17389366
	17389366
	14675533
	14675533
	14675533
	14675533
	14675533
	17307926
	17307926
	17307926
	17307926
	17389366
	14675533
	17012601
	17012601
	17012601
	17012601
	16424344
	16640593
	16640593
	16640593
	17416636
	17376158
	16616142
	16616142
	16616142
	17099079
	17099079
	19675150
	19214217
	19214217
	14535887
	17521411
	17521411
	17521411
	17521411
	17521411
	17194763
	17194763
	17194763
	17194763
	17194763
	17194763
	17194763
	17194763
	17194763
	17521411
	17194763
	17194763
	17194763
	17194763
	17194763
	17194763
	17194763
	17194763
	17521411
	17194763
	17194763
	15723790
	17287247
	14871309
	19392710
	19392710
	19392710
	17319849
	19736323
	19736323
	18460606
	18460606
	18460606
	18460606
	14765119
	14765119
	15659096
	18097640
	16183846
	16331414
	16331414
	21098731
	21098731
	15155880
	15155880
	15155880
	15155880
	15155880
	15155880
	11479382
	15155880
	15155880
	16357038
	16357038
	16357038
	15155880
	11479382
	11479382
	11479382
	16357038
	11479382
	11479382
	15155880
	15155880
	15155880
	15155880
	15166290
	15155880
	15155880
	15166290
	15166290
	15166290
	16361392
	16361392
	16361392
	16361392
	16361392
	16361392
	16361392
	16361392
	16361392
	16361392
	16361392
	16361392
	16361392
	16361392
	16361392
	16361392
	16361392
	16361392
	16361392
	16361392
	16361392
	16361392
	16361392
	16361392
	16361392
	16361392
	16361392
	16361392
	16361392
	16361392
	16361392
	16361392
	16361392
	16361392
	16361392
	16361392
	19048287
	15166290
	20110319
	15659631
	16107481
	16107481
	16829592
	17470967
	17257168
	17257168
	17257168
	17257168
	17257168
	17257168
	17257168
	17587236
	16891401
	18215111
	18768907
	18768907
	18768907
	18768907
	15710611
	15710611
	16359395
	16359395
	16359395
	16359395
	16359395
	15797025
	20086190
	17242155
	16359384
	16359384
	19392710
	19392710
	19392710
	19392710
	17449806
	20305124
	20305124
	16891401
	16183844
	19136646
	15728674
	15728674
	19136646
	18485063
	18485063
	18485063
	16166376
	16166376
	17143579
	17143579
	16126835
	16126835
	17766401
	21371898
	21371898
	16126834
	16126834
	16126834
	16126834
	12244241
	16623911
	16623911
	16623911
	19234066
	19453443
	18687588
	17307927
	10521526
	10521526
	18434413
	10521526
	10521526
	10521526
	20087601
	20087601
	19880401
	19880401
	19880401
	17400898
	16923016
	16923016
	19054365
	19054365
	19054365
	16126863
	16126863
	16126863
	18178669
	19060218
	19060218
	18326829
	18326829
	18215111
	18215111
	15980264
	17253989
	17253989
	18643989
	16891401
	19097900
	19097900
	18799658
	18424557
	18088309
	18494853
	15908599
	15908599
	15908599
	16543410
	16543410
	16623881
	15044947
	16623881
	16623881
	15044947
	16623881
	17672841
	17672841
	17672841
	17672841
	17672841
	17672841
	19619159
	17065317
	15743448
	18846282
	18846282
	17143616
	15889294
	17143616
	18419821
	18419821
	16792691
	21081696
	10911994
	15085136
	15085136
	10911994
	16959575
	16959575
	17351828
	17351828
	17351828
	17351828
	16531491
	17351828
	17351828
	17351828
	17351828
	17351828
	17351828
	16962584
	16306062
	15937323
	18984676
	18984676
	16778018
	16740149
	17922773
	15208400
	16507080
	16507080
	18039663
	18628352
	15728336
	19168677
	19168677
	11756663
	11756663
	11756663
	11756663
	16367958
	11756663
	11756663
	11756663
	11756663
	11756663
	18356490
	18356490
	18356490
	18356490
	16804053
	16779554
	16779554
	16243908
	16243908
	10817761
	10817761
	10817761
	10817761
	18403411
	19392692
	18403411
	17028209
	17028209
	17028209
	18614708
	19616764
	19187040
	17932772
	17932772
	19448041
	18660432
	18660432
	18660432
	16297076
	17239600
	16648367
	16531498
	17257168
	17257168
	17257168
	17257168
	17257168
	17257168
	16367956
	15863435
	17419845
	17666024
	14675453
	14675453
	14675453
	14675453
	17540573
	17873088
	17873088
	16415212
	18978034
	18223643
	17291312
	17291312
	17291312
	19084504
	19084504
	19220789
	18281509
	21379334
	18422605
	17601825
	18263774
	16619029
	11847308
	12034891
	12034891
	12034891
	12034891
	12034891
	15085136
	12034891
	12034891
	12034891
	12034891
	12034891
	16619029
	11847308
	17461784
	18069939
	19776162
	16891401
	18812090
	18812090
	16297076
	16517761
	16517761
	16517761
	16517761
	16517761
	16517761
	16517761
	16517761
	16517761
	16517761
	16517761
	16517761
	16517761
	16517761
	16517761
	16517761
	16517761
	16517761
	16517761
	17341835
	17341835
	12782726
	12782726
	12782726
	12782726
	12782726
	12782726
	12782726
	12782726
	12782726
	12782726
	16890225
	16890225
	16890225
	12782726
	12782726
	12782726
	12782726
	12782726
	12782726
	12782726
	12782726
	12782726
	12782726
	14709673
	14709673
	16157880
	16972866
	16972866
	19122186
	10572032
	10572032
	10572032
	10572032
	10572032
	17766401
	17183267
	17183265
	16998069
	16998069
	16998069
	16854978
	16854978
	17122068
	17122068
	16412084
	16412084
	18007598
	18007598
	15141167
	22143917
	19429787
	17540573
	17540573
	17540573
	17540573
	17540573
	17540573
	17540573
	17540573
	17540573
	17540573
	20609115
	20026608
	15765105
	15765105
	17237350
	17237350
	17237350
	17237350
	17237350
	17322407
	17237350
	17237350
	17237350
	17237350
	17322407
	17237350
	17237350
	17237350
	17237350
	17237350
	17237350
	17237350
	17237350
	17237350
	17237350
	17237350
	17237350
	17237350
	17237350
	17237350
	17237350
	17237350
	17237350
	17237350
	17237350
	17237350
	17237350
	17237350
	17237350
	17237350
	17237350
	17237350
	17237350
	17237350
	17237350
	17237350
	17944810
	17322407
	17322407
	19237690
	17877701
	17877701
	17877701
	16169896
	16169896
	12215507
	17253987
	18718934
	18718934
	10887093
	16531491
	16531491
	16531491
	21599977
	16980565
	16980565
	16980565
	16980565
	16980565
	11821043
	18390594
	18390594
	18390594
	17483454
	17483454
	17270012
	19168677
	19168677
	19392710
	19392710
	19392710
	19392710
	19392710
	19392710
	17727613
	17727613
	17727613
	17727613
	17600715
	17600715
	17600715
	17600715
	17600715
	17307927
	17307927
	17307927
	17307927
	17307927
	17307927
	17307927
	11063705
	17220201
	17220201
	17220201
	17220201
	17220201
	17220201
	17220201
	18980652
	16262716
	19228338
	17827350
	16890225
	16890225
	16890225
	17217459
	16339784
	19070688
	12853643
	20584150
	11549763
	20405311
	19109301
	20694742
	19763177
	16905668
	19302169
	17189343
	16554362
	19237690
	20164445
	21395888
	21395888
	21395888
	16804053
	16640600
	16640600
	14711878
	14711878
	17496122
	23121860
	17163880
	19276109
	15894620
	19276109
	15894620
	15894620
	15894620
	15894620
	15894620
	15894620
	16199616
	16157873
	17468224
	16157873
	16167903
	19523675
	15579661
	17592013
	18657234
	15849274
	18805992
	16176989
	15520273
	15520273
	10926537
	10926537
	17420480
	17420480
	17420480
	19070688
	20396901
	20484005
	16554366
	16554366
	16367962
	16367962
	16367962
	16473967
	16473967
	16473967
	15960614
	16176952
	16339187
	15937229
	16002616
	17905860
	20231441
	20231441
	15341625
	18281505
	18849490
	19915089
	19915089
	19915089
	19915089
	20519338
	19054356
	19054356
	19054356
	19054356
	19054356
	10524631
	17318317
	10524631
	10524631
	19096505
	16033795
	16033795
	20478994
	17461786
	17425716
	17425716
	19096507
	18000056
	16547115
	16547115
	16547115
	19170934
	19077168
	16297076
	16567499
	19376832
	16936072
	19413687
	17540573
	17540573
	17878303
	17878303
	17878302
	17878302
	17540573
	17540573
	17540573
	17540573
	17540573
	16227468
	16227468
	19252082
	17683937
	17683937
	15863435
	16367956
	16146525
	16146525
	16262706
	16227434
	20418504
	16367950
	16751349
	16367950
	16367950
	16367950
	18780746
	18780746
	18780746
	18780746
	16367950
	16751349
	16367950
	16367950
	16367950
	16367950
	18660431
	10572032
	10572032
	10572032
	10572032
	10375500
	10375500
	10375500
	10375500
	10375500
	10375500
	10375500
	10375500
	10572032
	10375500
	11063705
	11063705
	15165187
	17335513
	19054362
	11706176
	11706176
	11706176
	15860005
	10319870
	16547115
	16547115
	10319870
	10939915
	16547115
	16547115
	10319870
	10939915
	10319870
	10939915
	12526807
	15821980
	15821980
	17307925
	17855426
	17855426
	17855426
	17855426
	17855426
	17855426
	17873092
	19036031
	18281505
	16270029
	16270029
	18266922
	23043051
	19054356
	19054356
	19054356
	19054356
	19054356
	18400937
	18725200
	15863435
	15863435
	15863435
	15863435
	15863435
	15740643
	15863435
	10572032
	10572032
	10572032
	10572032
	10572032
	10572032
	10572032
	10572032
	10572032
	10572032
	10572032
	10572032
	10572032
	10572032
	10572032
	10572032
	10572032
	10572032
	10572032
	10572032
	10572032
	10572032
	10572032
	10572032
	10572032
	10572032
	10572032
	10572032
	10572032
	10572032
	10572032
	10572032
	10572032
	19094025
	18779216
	18779216
	18779216
	18779216
	18779216
	18779216
	18779216
	18779216
	18779216
	18779216
	18779216
	16443695
	16443695
	16443695
	16443695
	17651372
	16258013
	11889034
	10572032
	10572032
	10572032
	10572032
	10572032
	10572032
	10572032
	10572032
	10572032
	10572032
